

b = 3
c = 7
a = 6
a = 5
r1 = 0.8571428571428571
r2 = 6.142857142857143
c = 6.142857142857143
d = 7
i = 0
r3 = true
if r3 goto L3
goto L4
r4 = 0
r5 = 1
i = 1
goto L3
r6 = 6
a = 6
goto L5
a = 5
r7 = 11.142857142857142
r8 = false
if r8 goto L7
goto L8
a = 0
goto L6
r9 = false
if r9 goto L7
goto L9
a = 1
a = 2
c = 5
r10 = 24
r11 = 20
r12 = 44
c = a[r12]


